%YAML:1.0
image_width: 640
image_height: 360
# distortion_parameters:
k1: -0.39888288 #-0.461352  
k2: 0.08242789 #0.187962 
p1: -0.00303553 #0.000332 
p2: 0.01579318 #-0.000273 
k3: 0.03673215 
# projection_parameters:
#fx: 339.776733
#fy: 410.890930
cx: 287.20428522
cy: 195.65969459

fx: 429.30437458
fy: 351.39983745
#cx: 329.04994561
#cy: 197.66134326
