distortion_model: "non-fisheye"
width: 640
height: 360
D: [-0.391212,0.138236,0.00120745,0.00260383]
K: [387.268,0.0,328.999,0.0,386.671,192.107,0.0,0.0,1]
